<?xml version="1.0"?>
<opencv_storage>
<rotation type_id="opencv-matrix">
  <rows>3</rows>
  <cols>3</cols>
  <dt>f</dt>
  <data>
    -3.35813910e-01 9.33550894e-01 1.25347227e-01 -9.28982973e-01
    -3.06265861e-01 -2.07827687e-01 -1.55628130e-01 -1.86236814e-01
    9.70100999e-01</data></rotation>
<translation type_id="opencv-matrix">
  <rows>3</rows>
  <cols>1</cols>
  <dt>f</dt>
  <data>
    -4.16289508e-01 7.40916729e-01 1.08605623e-01</data></translation>
</opencv_storage>
